80
90
237
218
49
78
195
64
16
5
208
148
148
20
20
28
128
123
48
247
63
13
71
64
72
128
80
148
2
219
187
59
30
207
123
189
227
31
103
246
103
181
201
237
6
0
221
125
188
103
39
0
0
0
0
128
227
156
115
193
122
214
29
35
152
35
182
120
138
236
4
0
64
87
246
173
192
42
71
251
70
95
125
139
236
0
208
79
118
255
100
223
31
32
139
254
131
249
206
182
206
206
150
135
181
86
127
254
230
141
12
195
231
46
142
93
110
29
76
22
217
1
248
171
234
255
114
202
174
211
200
14
80
75
217
207
121
178
151
216
119
157
231
217
75
118
191
155
55
160
138
236
190
44
39
178
3
0
0
191
34
59
192
32
145
115
219
231
164
251
178
141
243
5
90
136
236
0
176
94
213
126
175
154
27
0
190
116
251
30
235
246
126
211
69
118
0
206
192
186
3
186
208
119
99
237
253
63
44
176
65
100
7
128
243
122
139
236
4
215
100
191
4
0
0
0
116
227
60
132
61
246
206
77
245
121
171
158
31
184
30
189
4
220
211
11
0
0
199
216
79
65
29
214
43
208
157
30
4
70
211
43
0
0
0
0
0
181
57
231
5
184
38
253
14
252
208
7
0
0
48
142
253
53
0
0
0
0
43
56
135
2
0
0
0
128
255
115
158
198
46
49
231
101
103
205
163
57
127
204
115
153
203
60
3
0
213
216
103
0
0
0
0
0
0
0
244
230
119
99
0
0
128
199
94
35
59
1
0
0
0
156
193
39
